11010001
01010101
01011001
11011101
00101110
00101011
10101111
01010000
10100011
101011??
100111??
10101111
00011110
10101111
11010100
00100111
10101111
11011000
00101011
00101101
10101100
01010000
10011100
01010011
10100000
00101000
01101010
11010001
01010101
10100101
10100000
10100000
10100000
10100000
00010001
11010001
01010101
10100101
10100101
10100000
00100001
00001001
00001100
01010101
01010011
001001??
10100101
10100101
10100101
10100000
00100100
UNKNOWN
01101001
11010001
01010101
10100000
10100000
00100001
10001000
10101001
00011000
10100101
10100101
00100001
10100000
11101000
01001011
01010101
01011001
10101010
10101010
10101010
10101001
UNKNOWN
01101010
11010001
10100000
10100000
10011100
01010101
00100001
11010100
00010100
11010001
11010100
10100000
00100100
10100000
00100001
11010100
00010100
01010000
11010111
00001100
00101101
10011100
01010101
10001101
10001011
10100101
11010001
00100100
00000101
11110110
11101101
01011100
01010011
11011000
10100000
10100000
10100000
10100000
10100000
10101100
10100011
10101100
00101011
01011001
01010000
10101010
00001010
UNKNOWN
UNKNOWN
11101011
11011101
11011000
10101001
01100110
01010000
10101111
10100011
10101111
10101100
00000011
00101000
000110??
UNKNOWN
01011001
10101010
000011??
01010011
10101100
00011110
01010011
01011100
11011000
10100000
10100000
10100000
10100000
10101100
10100000
10100011
11101000
